00000000000000000000000000000000000000000000000000000000000000000000000000000000000000000000000000000000000000000000000
0000000000000000000000000000000000000000000000000000000000000000000000000000000000000000000000000000000000MODE:EASY0000
00000000000000000000000000000000000000000000000000000000000000000000000000000000000000000000000000000000000000000000000
01111111111111111111111111111111111111111111111111111111111111111111111111111111111111111111111111111111111111111111111
01100000000000000000000000000000000000000000000000000000000000000000000000000000000000000000000000000000000000000000011
01100000000000000000000000000000000000000000000000000000000000000000000000000000000000000000000000000000000000000000011
01100000000000000000000000000000000000000000000000000000000000000000000000000000000000000000000000000000000000000000011
01100000000000000000000000000000000000000000000000000000000000000000000000000000000000000000000000000000000000000000011
01100000000000000000000000000000000000000000000000000000000000000000000000000000000000000000000000000000000000000000011
01100000000000000000000000000000000000000000000000000000000000000000000000000000000000000000000000000000000000000000011
01100000000000000000000000000000000000000000000000000000000000000000000000000000000000000000000000000000000000000000011
01100000000000000000000000000000000000000000000000000000000000000000000000000000000000000000000000000000000000000000011
01100000000000000000000000000000000000000000000000000000000000000000000000000000000000000000000000000000000000000000011
01100000000000000000000000000000000000000000000000000000000000000000000000000000000000000000000000000000000000000000011
01100000000000000000000000000000000000000000000000000000000000000000000000000000000000000000000000000000000000000000011
01100000000000000000000000000000000000000000000000000000000000000000000000000000000000000000000000000000000000000000011
01100000000000000000000000000000000000000000000000000000000000000000000000000000000000000000000000000000000000000000011
01100000000000000000000000000000000000000000000000000000000000000000000000000000000000000000000000000000000000000000011
01100000000000000000000000000000000000000000000000000000000000000000000000000000000000000000000000000000000000000000011
01100000000000000000000000000000000000000000000000000000000000000000000000000000000000000000000000000000000000000000011
01100000000000000000000000000000000000000000000000000000000000000000000000000000000000000000000000000000000000000000011
01100000000000000000000000000000000000000000000000000000000000000000000000000000000000000000000000000000000000000000011
01100000000000000000000000000000000000000000000000000000000000000000000000000000000000000000000000000000000000000000011
01100000000000000000000000000000000000000000000000000000000000000000000000000000000000000000000000000000000000000000011
01100000000000000000000000000000000000000000000000000000000000000000000000000000000000000000000000000000000000000000011
01100000000000000000000000000000000000000000000000000000000000000000000000000000000000000000000000000000000000000000011
01100000000000000000000000000000000000000000000000000000000000000000000000000000000000000000000000000000000000000000011
01100000000000000000000000000000000000000000000000000000000000000000000000000000000000000000000000000000000000000000011
01111111111111111111111111111111111111111111111111111111111111111111111111111111111111111111111111111111111111111111111
