00000000000000000000000000000000000000000000000000000000000000000000000000000000000000000000000000000000000000000000000
0000000000000000000000000000000000000000000000000000000000000000000000000000000000000000000000000000000000MODE:HARD0000
00000000000000000000000000000000000000000000000000000000000000000000000000000000000000000000000000000000000000000000000
01111111111111111111111111111111111111111111111111111111111111111111111111111111111111111111111111111111111111111111111
01100000000000000000000000000000000000000000000000000000000000000000000000000000000000000000000000000000000000000000011
01100111111111111111111111111111111111111110000000000000000000000000000000000000000000000000000000000000000000000000011
01100110000000000000000000000000000000000110000000000000000000000000000000111111111111111111110000000000000000000000011
01100110000000000000000000000000000000000110000000000000000000000000000000111111111111111111110000000000000000000000011
01100110000000000000000000000000000000000110000000000000000000000000000000111111111111111111110000000000000000000000011
01100000000000000000000000000000000000000110000000000000000000000000000000111111111111111111110000000000000000000000011
01100000000000000000000000000000000000000110000000000000000000000000000000111111111111111111110000000000000000000000011
01100111111111111111111111111111111111111110000000000000000000000000000000000000000000000000000000000000000000000000011
01100000000000000000000000000000000000000000000000000000000000000000000000000000000000000000000000000000000000000000011
01100000000000000000000000000001100000000000000000000000000000000000000000000000000000000000000000000000000000000000011
01100000000000000000000000000000011000000000000000000000000000000000000000011111111111111111111000000000000000000000011
01100000000000000000000000000000000110000000000000000000000000000000000000011000000000000000011000000000000000000000011
01100000000000000000000000000000000001100000000000000000000000000000000000011000000000000000011000000000000000000000011
01100000000000000000000000000000000000011000000000000000000000000000000000011000000000000000000110000000000000000000011
01100000000000000000000000000000000000000110000000000000000000000000000000011000000000000000000001100000000000000000011
01100000000000000000000000000000000000000001100000000000000000000000000000011000000000000000000000011000000000000000011
01100000000000000000000000000000000000000000011000000000000000000000000001100000000000000000000000000000000000000000011
01100000000000000000000000000000000000000000000110000000000000000000000110000000000000000000000000000000000000000000011
01100000000000000000000000000000000000000000000001100000000000000000011000000000000000000000000000000000000000000000011
01100000000000000000000000000000000000000000000000011000000000000001100000000000000000000000000000000000000000000000011
01100000000000000000000000000000000000000000000000000110000000000110000000000000000000000000000000000000000000000000011
01100000000000000000000000000000000000000000000000000001111111111000000000000000000000000000000000000000000000000000011
01100000000000000000000000000000000000000000000000000000000000000000000000000000000000000000000000000000000000000000011
01100000000000000000000000000000000000000000000000000000000000000000000000000000000000000000000000000000000000000000011
01111111111111111111111111111111111111111111111111111111111111111111111111111111111111111111111111111111111111111111111
