00000000000000000000000000000000000000000000000000000000000000000000000000000000000000000000000000000000000000000000000
00000000000000000000000000000000000000000000000000000000000000000000000000000000000000000000000000000000MODE:MASTER0000
00000000000000000000000000000000000000000000000000000000000000000000000000000000000000000000000000000000000000000000000
01111111111111111111111111111111111111111111111111111111111111111111111111111111111111111111111111111111111111111111111
01100000000000000000000000000000000000000000000000000000000000000000000000000000000000000000000000000000000000000000011
01100000000000000000000000000000000000000000000000000000000000000000011111111111111111111111111111111111111111111110011
01100001100000000000000000000000011111111111111111111111111111111110011000000000000000000000000000000000000000000110011
01100000011000000000000000000000000110000000000000000000000001111110000110000111111111111111111111111111111111100110011
01100000000110000000000000000000000110000000000000000000000000000110000001100001111111111111111111111111111111100110011
01100000000001100000000000000000000111111110000000000000000000000110000000011000011111111111111111111111111111100110011
01100000000000011000000000000000000000000110000000000000000000000110000000000110000000000000000000000000000000000110011
01100000000000000110000000000000000000011000000000000001111110000110000000000001100001111111111111111111111111100110011
01100000000000000001100000000000000001100000000000000110000001111110000000000000011000011111111111111111111111100110011
01100000000000000000011000000000000110000000000000000000000000000000000000000000000110000111111111111111111110000110011
01100000000000000000000110000000011000000000000000000000000000000000000001100000000110000000000000000000000000000110011
01100000000000000000000000000000000000000000000000000000000000000000000110000000000110000000000000000000000000000110011
01100000000000000000000110000000011000000000000000000000000000000000011000000000000110000000000000000000000000000110011
01100000000000000000011000000000000110000000000000000000000000000001100000000000000110000000000000000000000000000110011
01100000000000000001100001111111100001100000000000000000000000000001100000000000000110000000000000000000000000000110011
01100000000000000110000111111111100000011000000000000000000000000001100000000000000111111111111111111111111110000110011
01100000000000011000011111111111100000000110000000000000000000000001100000000000000000000000000000000000011000011000011
01100000000001100000000000000000000000000001100000000000000000000001100000000000000000000000000000000001100001100000011
01100000000110000000000000000000000000000000011000000000000000000001111111111111111110000000000000000000000110000000011
01100000011000000000000000000000000000000000000110000000000000000001100000000000000110000000000000000000011000000000011
01100001100000000000000000000000000000000000000001100000000000000001100000000000000110000000000000000001100000000000011
01100110000111111111111111111111111111111111100000011000000000000000011000000000000111111000000000000110000000000000011
01100000000000000000000000000000000000000000000000000000000000000000000110000000000000000111111111111000000000000000011
01100000000000000000000000000000000000000000000000000000000000000000000000000000000000000000000000000000000000000000011
01111111111111111111111111111111111111111111111111111111111111111111111111111111111111111111111111111111111111111111111
