00000000000000000000000000000000000000000000000000000000000000000000000000000000000000000000000000000000000000000000000
00000000000000000000000000000000000000000000000000000000000000000000000000000000000000000000000000000000MODE:NORMAL0000
00000000000000000000000000000000000000000000000000000000000000000000000000000000000000000000000000000000000000000000000
01111111111111111111111111111111111111111111111111111111111111111111111111111111111111111111111111111111111111111111111
01100000000000000000000000000000000000000000000000000000000000000000000000000000000000000000000000000000000000000000011
01100000000000000000000000000000000000000000000000000000000000000001111111111111111000000000000000000000000000000000011
01100000000000000000000000000000000000000000000000000000000000000001111000000000011000000000000000000000000000000000011
01100000000000000000000000000000000000000000000000000000000000000001111000000000011000000001111000000000000000000000011
01100000000000000000000000011111111000000000000000000000000000000001111110000000011000000001111000000000000000000000011
01100000000000000000000000011111111000000000000000000000000000000000000000000000011111111111111000000000000000000000011
01100000000000000000000000011111111111111000000000000000000000000000000000000000000000000000000000000000000000000000011
01100000000000000000000000000001111111111000000000000000000000000000000000000000000000000000000000000000000000000000011
01100000000000000000000000000001111111111000000000000000000000000000000000000000000000000000000000000000000000000000011
01100000000000000000000000000000000000000000000000000000000000000000000000000000000000000000000000000000000000000000011
01100000000000000000000000000000000000000000000000000000000000000000000000000000000000000000000000000000000000000000011
01100000000000000000000000000000000000000000000000000000000000000000000000000000000000000000000000000000000000000000011
01100000000000000000000000000000000000000000000000000000000000000000000000000000000000000000000000000000000000000000011
01100000000000000000000000000000000000000000000000000000000000000000000000000000000000000000000000000000000000000000011
01100000000000000000000000000000000000000000000000000000000000000000000000000000000000000000000000000000000000000000011
01100000000000000000000000000000000000000000000000000000000000000000000000000000000000000000000000000000000000000000011
01100000000000000000000000000000000000000000000000000000000000000000000000000000000000000000000000000000000000000000011
01100000000000000001111111100000000000000000000000000000000000000000000111111110000000000000000000000000000000000000011
01100000000000000001111111100000000000000000000000000000000000000000000111111110000000000000000000000000000000000000011
01100000000000000001111111100000000000000000000000000000000000000000000111111110000000000000000000000000000000000000011
01100000000000000001111111100000000000000000000000000000000000000000000000000000000000000000000000000000000000000000011
01100000000000000000000000000000000000000000000000000000000000000000000000000000000000000000000000000000000000000000011
01100000000000000000000000000000000000000000000000000000000000000000000000000000000000000000000000000000000000000000011
01100000000000000000000000000000000000000000000000000000000000000000000000000000000000000000000000000000000000000000011
01111111111111111111111111111111111111111111111111111111111111111111111111111111111111111111111111111111111111111111111
